days	Date	N1	S1	Nq1	dEm1	CummulativeEm	dEq1	CummulativeEq	dIa1	CummulativeIa	dIm1	CummulativeIm	dIq1	CummulativeIq	dHa1	CummulativeHa	dHs1	CummulativeHs	ddR1	CummulativeR		
1	24-Jan	7344066	7181657	162336	0	0	70	0	0	0	0	0	0	0	0	0	3	0	0	0		
2	25-Jan	7249992	6952068	297862	0	0	62	62	0	0	0	0	0	0	0	0	0	0	0	0		
3	26-Jan	7292570	6777594	514897	0	0	74	136	0	0	0	0	2	2	0	0	3	3	0	0		
4	27-Jan	7367578	6633484	734023	0	0	69	205	0	0	1	1	1	3	0	0	0	3	0	0		
5	28-Jan	7462833	6505517	957237	0	0	78	283	0	0	0	1	1	4	0	0	0	3	0	0		
6	29-Jan	7574559	6380943	1193557	0	0	56	339	0	0	0	1	1	5	0	0	2	5	0	0		
7	30-Jan	7627577	6272966	1354512	1	1	95	434	0	0	0	1	1	6	0	0	2	7	0	0		
8	31-Jan	7670984	6175514	1495383	0	1	86	520	0	0	0	1	0	6	0	0	1	8	0	0		
9	1-Feb	7715017	6081312	1633632	0	1	69	589	0	0	3	4	0	6	0	0	1	9	0	0		
10	2-Feb	7773819	5999643	1774125	0	1	47	636	0	0	3	7	0	6	0	0	1	10	0	0		
11	3-Feb	7818721	5913562	1905120	0	1	36	672	0	0	3	10	0	6	0	0	0	10	0	0		
12	4-Feb	7836549	5861546	1974930	3	4	64	736	0	0	0	10	2	8	0	0	3	13	1	1		
13	5-Feb	7680864	5809326	1871471	3	7	61	797	0	0	0	10	0	8	0	0	3	16	0	1		
14	6-Feb	7862005	5746202	2115730	3	10	57	854	0	0	10	20	0	8	0	0	3	19	0	1		
15	7-Feb	7899994	5850454	2049474	0	10	58	912	0	0	6	26	0	8	0	0	2	21	0	1		
16	8-Feb	7894272	5956850	1937371	0	10	44	956	0	0	7	33	0	8	0	0	0	21	0	1		
17	9-Feb	7895811	6146408	1749309	10	20	73	1029	0	0	1	34	0	8	0	0	10	31	0	1		
18	10-Feb	7893136	6341045	1552034	6	26	42	1071	0	0	3	37	0	8	0	0	6	37	0	1		
19	11-Feb	7893238	6545056	1348113	7	33	52	1123	0	0	3	40	0	8	0	0	7	44	0	1		
20	12-Feb	7891920	6761382	1130476	1	34	59	1182	0	0	0	40	0	8	0	0	1	45	1	2		
21	13-Feb	7886888	6900764	986065	3	37	52	1234	0	0	1	41	0	8	0	0	3	48	0	2		
22	14-Feb	7881280	7019284	861951	3	40	36	1270	0	0	3	44	0	8	0	0	3	51	0	2		
23	15-Feb	7880388	7137138	743203	0	40	45	1315	0	0	1	45	1	9	0	0	0	51	0	2		
24	16-Feb	7884286	7258193	626070	1	41	17	1332	0	0	3	48	0	9	0	0	1	52	1	3		
25	17-Feb	7885627	7371548	514054	3	44	15	1347	0	0	4	52	0	9	0	0	3	55	0	3		
26	18-Feb	7887578	7425879	461665	1	45	29	1376	0	0	0	52	0	9	0	0	2	57	2	5		
27	19-Feb	7887179	7468604	418535	3	48	31	1407	0	0	1	53	0	9	0	0	3	60	2	7		
28	20-Feb	7884334	7531151	353151	4	52	19	1426	0	0	4	57	1	10	0	0	4	64	0	7		
29	21-Feb	7881368	7606236	275102	0	52	24	1450	2	2	2	59	2	12	0	0	0	64	0	7		
30	22-Feb	7881507	7611005	270471	1	53	19	1469	1	3	3	62	0	12	0	0	1	65	6	13		
31	23-Feb	7887031	7621965	265016	4	57	32	1501	0	3	4	66	2	14	0	0	5	70	3	16		
32	24-Feb	7889220	7625957	263218	4	61	29	1530	0	3	2	68	0	14	2	2	4	74	4	20		
33	25-Feb	7891718	7629888	261790	4	65	31	1561	1	4	0	68	0	14	1	3	3	77	0	20		
34	26-Feb	7892963	7632719	260170	4	69	57	1618	0	4	1	69	0	14	0	3	6	83	6	26		
35	27-Feb	7892372	7631685	260607	2	71	69	1687	1	5	3	72	1	15	0	3	2	85	2	28		
36	28-Feb	7890130	7627805	262271	1	72	47	1734	1	6	0	72	0	15	1	4	0	85	4	32		
37	29-Feb	7891287	7626713	264521	1	73	48	1782	0	6	0	72	0	15	0	4	1	86	3	35		
38	1-Mar	7895648	7628870	266713	4	77	49	1831	3	9	0	72	1	16	1	5	4	90	3	38		
39	2-Mar	7897272	7629216	267999	1	78	55	1886	0	9	0	72	0	16	1	6	0	90	0	38		
40	3-Mar	7897352	7629281	268021	0	78	47	1933	1	10	1	73	1	17	0	6	0	90	0	38		
41	4-Mar	7897098	7627846	269194	3	81	43	1976	1	11	0	73	0	17	3	9	1	91	7	45		
42	5-Mar	7895279	7626010	269231	0	81	33	2009	3	14	1	74	1	18	0	9	0	91	0	45		
43	6-Mar	7894350	7624092	270206	2	83	38	2047	0	14	1	75	0	18	1	10	2	93	8	53		
44	7-Mar	7894853	7623600	271210	1	84	32	2079	0	14	0	75	5	23	1	11	0	93	4	57		
45	8-Mar	7900445	7628849	271549	4	88	25	2104	0	14	1	76	8	31	3	14	2	95	4	61		
46	9-Mar	7902752	7632140	270567	1	89	40	2144	0	14	0	76	2	33	0	14	1	96	1	62		
47	10-Mar	7905347	7635447	269844	0	89	40	2184	1	15	2	78	3	36	0	14	5	101	5	67		
48	11-Mar	7909418	7638933	270423	1	90	46	2230	0	15	1	79	3	39	0	14	9	110	2	69		
49	12-Mar	7911155	7641062	270032	0	90	44	2274	0	15	1	80	6	45	0	14	2	112	8	77		
50	13-Mar	7913479	7643080	270330	3	93	47	2321	1	16	1	81	7	52	1	15	5	117	4	81		
51	14-Mar	7916088	7648157	267855	1	94	58	2379	1	17	1	82	8	60	0	15	4	121	3	84		
52	15-Mar	7924318	7657380	266838	1	95	64	2443	0	17	12	94	13	73	0	15	7	128	3	87		
53	16-Mar	7929704	7661540	268052	2	97	81	2524	0	17	6	100	10	83	1	16	8	136	4	91		
54	17-Mar	7935513	7665894	269395	2	99	160	2684	2	19	20	120	26	109	1	17	9	145	4	95		
55	18-Mar	7944454	7671105	273119	12	111	173	2857	1	20	7	127	9	118	0	17	25	170	3	98		
56	19-Mar	7948486	7678567	269588	6	117	262	3119	2	22	21	148	21	139	0	17	16	186	3	101		
57	20-Mar	7953632	7687643	265613	22	139	267	3386	4	26	14	162	21	160	2	19	46	232	0	101		
58	21-Mar	7958042	7698394	259348	8	147	243	3629	3	29	14	176	13	173	1	20	16	248	2	103		
59	22-Mar	7962846	7714093	248398	23	170	265	3894	2	31	9	185	12	185	2	22	42	290	0	103		
60	23-Mar	7964402	7723102	240986	18	188	213	4107	1	32	18	203	24	209	4	26	35	325	1	104		
61	24-Mar	7968589	7729505	238724	17	205	248	4355	11	43	24	227	29	238	3	29	27	352	1	105		
62	25-Mar	7970641	7743994	226345	12	217	199	4554	14	57	19	246	31	269	2	31	21	373	4	109		
63	26-Mar	7970999	7756454	214210	19	236	210	4764	15	72	17	263	27	296	1	32	42	415	4	113		
64	27-Mar	7972426	7772404	199555	35	271	326	5090	13	85	9	272	19	315	11	43	53	468	1	114		
65	28-Mar	7975614	7790245	184938	33	304	302	5392	7	92	9	281	15	330	14	57	50	518	1	115		
66	29-Mar	7978243	7813858	164033	32	336	204	5596	10	102	18	299	23	353	15	72	44	562	6	121		
67	30-Mar	7980118	7834329	145492	22	358	191	5787	12	114	8	307	17	370	13	85	28	590	6	127		
68	31-Mar	7981424	7851664	129384	16	374	282	6069	12	126	13	320	18	388	7	92	24	614	4	131		
69	1-Apr	7982258	7871029	110934	28	402	180	6249	5	131	5	325	7	395	10	102	41	655	19	150		
70	2-Apr	7982805	7883257	99310	20	422	146	6395	8	139	2	327	18	413	12	114	25	680	7	157		
71	3-Apr	7983208	7896852	86120	25	447	125	6520	10	149	3	330	11	424	12	126	31	711	19	176		
72	4-Apr	7983608	7909418	73963	10	457	166	6686	5	154	8	338	8	432	5	131	12	723	13	189		
73	5-Apr	7984397	7921337	62793	10	467	184	6870	9	163	9	347	7	439	8	139	20	743	20	209		
74	6-Apr	7985013	7932195	52663	13	480	95	6965	1	164	3	350	9	448	10	149	14	757	10	219		
75	7-Apr	7985232	7946200	38842	13	493	120	7085	6	170	2	352	8	456	5	154	16	773	20	239		
76	8-Apr	7985985	7950642	35136	18	511	125	7210	4	174	1	353	6	462	9	163	16	789	28	267		
77	9-Apr	7986316	7954370	31806	4	515	90	7300	1	175	0	353	3	465	1	164	12	801	29	296		
78	10-Apr	7986815	7957257	29422	8	523	91	7391	3	178	0	353	2	467	6	170	10	811	16	312		
79	11-Apr	7987085	7961294	25690	5	528	55	7446	3	181	0	353	0	467	4	174	7	818	27	339		
80	12-Apr	7987484	7964116	23280	1	529	55	7501	3	184	0	353	1	468	1	175	3	821	24	363		
81	13-Apr	7988026	7966576	21374	3	532	30	7531	0	184	0	353	1	469	3	178	2	823	37	400		
82	14-Apr	7988581	7968492	20017	3	535	25	7556	1	185	1	354	2	471	3	181	0	823	37	437		
83	15-Apr	7989046	7969904	19078	3	538	30	7586	1	186	0	354	1	472	3	184	1	824	25	462		
84	16-Apr	7989605	7970872	18677	0	538	27	7613	1	187	1	355	0	472	0	184	1	825	26	488		
85	17-Apr	7990190	7971653	18458	2	540	25	7638	0	187	0	355	0	472	1	185	3	828	48	536		
86	18-Apr	7990433	7972249	18101	1	541	41	7679	2	189	0	355	2	474	1	186	1	829	35	571		
87	19-Apr	7990985	7973351	17551	2	543	41	7720	3	192	0	355	1	475	1	187	1	830	34	605		
88	20-Apr	7991561	7974176	17330	0	543	25	7745	0	192	0	355	2	477	0	187	0	830	28	633		
89	21-Apr	7992029	7974769	17201	2	545	33	7778	0	192	0	355	0	477	2	189	2	832	20	653		
90	22-Apr	7992463	7975737	16660	3	548	28	7806	1	193	0	355	1	478	3	192	1	833	29	682		
91	23-Apr	7992650	7976367	16195	0	548	66	7872	0	193	0	355	0	478	0	192	2	835	20	702		
92	24-Apr	7993193	7977304	15843	0	548	19	7891	0	193	0	355	0	478	0	192	0	835	27	729		
93	25-Apr	7993541	7977705	15780	1	549	25	7916	0	193	0	355	0	478	1	193	1	836	28	757		
94	26-Apr	7993824	7978246	15545	0	549	14	7930	0	193	0	355	0	478	0	193	0	836	19	776		
95	27-Apr	7993868	7978410	15428	0	549	15	7945	0	193	0	355	0	478	0	193	0	836	15	791		
96	28-Apr	7994385	7979118	15226	0	549	15	7960	2	195	0	355	0	478	0	193	0	836	24	815		
97	29-Apr	7995049	7979681	15331	0	549	18	7978	0	195	0	355	0	478	0	193	0	836	19	834		
98	30-Apr	7996049	7979977	16040	0	549	16	7994	0	195	0	355	0	478	0	193	0	836	16	850		
99	1-May	7996579	7980475	16078	2	551	8	8002	0	195	0	355	1	479	2	195	0	836	13	863		
100	2-May	7997026	7980753	16255	0	551	13	8015	0	195	0	355	0	479	0	195	0	836	5	868		
101	3-May	7998133	7981353	16754	0	551	11	8026	0	195	0	355	0	479	0	195	0	836	15	883		
102	4-May	7998938	7981862	17035	0	551	15	8041	4	199	0	355	0	479	0	195	1	837	21	904		
103	5-May	7999529	7982244	17250	0	551	15	8056	0	199	0	355	0	479	0	195	0	837	20	924		
104	6-May	8000205	7982627	17555	0	551	11	8067	0	199	0	355	0	479	0	195	0	837	12	936		
105	7-May	8000903	7982778	18083	4	555	19	8086	2	201	0	355	1	480	4	199	0	837	12	948		
106	8-May	8002636	7983195	19408	0	555	17	8103	0	201	0	355	0	480	0	199	0	837	16	964		
107	9-May	8003970	7983498	20458	0	555	7	8110	0	201	0	355	0	480	0	199	0	837	7	971		
108	10-May	8006464	7983832	22597	2	557	12	8122	0	201	2	357	1	481	2	201	1	838	15	986		
109	11-May	8008751	7984038	24691	0	557	18	8140	1	202	0	357	0	481	0	201	0	838	3	989		
110	12-May	8010941	7984444	26490	0	557	0	8140	0	202	0	357	1	482	0	201	0	838	6	995		
111	13-May	8012198	7985004	27146	2	559	26	8166	0	202	0	357	0	482	0	201	3	841	17	1012		
112	14-May	8013199	7986148	27031	1	560	14	8180	2	204	0	357	1	483	1	202	0	841	1	1013		
113	15-May	8014581	7986948	27606	0	560	16	8196	0	204	0	357	0	483	0	202	1	842	10	1023		
114	16-May	8015984	7987277	28704	0	560	0	8196	0	204	0	357	0	483	0	202	0	842	3	1026		
115	17-May	8017841	7988364	29458	2	562	12	8208	0	204	0	357	0	483	2	204	1	843	2	1028		
116	18-May	8019304	7989192	30103	0	562	0	8208	5	209	0	357	3	486	0	204	0	843	1	1029		
117	19-May	8020109	7989616	30491	0	562	0	8208	1	210	0	357	1	487	0	204	0	843	0	1029		
118	20-May	8021578	7990432	31145	0	562	0	8208	0	210	0	357	0	487	0	204	0	843	1	1030		
119	21-May	8022946	7991114	31800	5	567	16	8224	0	210	0	357	0	487	5	209	3	846	3	1033		
120	22-May	8024647	7992967	31653	1	568	24	8248	0	210	0	357	0	487	1	210	1	847	0	1033		
121	23-May	8026951	7994442	32509	0	568	0	8248	0	210	0	357	0	487	0	210	0	847	0	1033		
122	24-May	8030537	7996975	33560	0	568	0	8248	0	210	0	357	1	488	0	210	0	847	1	1034		
123	25-May	8032471	7999419	33052	0	568	0	8248	0	210	0	357	0	488	0	210	0	847	0	1034		
124	26-May	8033510	8001618	31876	0	568	0	8248	13	223	0	357	0	488	0	210	0	847	3	1037		
125	27-May	8034092	8002861	31226	0	568	0	8248	3	226	0	357	0	488	0	210	1	848	1	1038		
126	28-May	8035127	8003996	31128	0	568	0	8248	0	226	2	359	0	488	0	210	0	848	1	1039		
127	29-May	8036383	8005478	30860	13	581	16	8264	0	226	3	362	0	488	13	223	0	848	0	1039		
128	30-May	8037531	8007036	30465	3	584	17	8281	2	228	4	366	0	488	3	226	0	848	1	1040		
129	31-May	8039651	8009005	30629	2	586	12	8293	0	228	0	366	0	488	0	226	2	850	1	1041		
130	1-Jun	8041036	8010496	30510	3	589	18	8311	4	232	1	367	1	489	0	226	3	853	0	1041		
131	2-Jun	8042214	8011174	31007	6	595	17	8328	3	235	0	367	0	489	2	228	4	857	1	1042		
132	3-Jun	8043302	8011937	31362	0	595	0	8328	0	235	0	367	2	491	0	228	0	857	1	1043		
133	4-Jun	8044457	8012272	32150	5	600	20	8348	1	236	0	367	0	491	4	232	2	859	3	1046		
134	5-Jun	8045544	8013007	32527	3	603	0	8348	0	236	0	367	1	492	3	235	0	859	3	1049		
135	6-Jun	8046369	8014337	32027	0	603	0	8348	0	236	0	367	0	492	0	235	2	861	3	1052		
136	7-Jun	8048624	8016966	31655	1	604	0	8348	0	236	0	367	0	492	1	236	0	861	1	1053		
137	8-Jun	8050602	8018051	32550	0	604	0	8348	0	236	0	367	0	492	0	236	1	862	0	1053		
138	9-Jun	8051637	8018239	33396	0	604	0	8348	0	236	1	368	0	492	0	236	0	862	1	1054		
139	10-Jun	8052720	8018186	34532	0	604	0	8348	0	236	1	369	0	492	0	236	0	862	1	1055		
140	11-Jun	8053661	8018752	34905	0	604	0	8348	0	236	0	369	0	492	0	236	0	862	4	1059		
141	12-Jun	8054892	8019447	35435	1	605	0	8348	2	238	0	369	1	493	0	236	1	863	5	1064		
142	13-Jun	8055946	8020364	35579	1	606	0	8348	0	238	0	369	0	493	0	236	1	864	1	1065		
143	14-Jun	8056765	8021879	34872	0	606	0	8348	7	245	0	369	1	494	0	236	0	864	6	1071		
144	15-Jun	8057839	8021303	36527	2	608	0	8348	3	248	0	369	1	495	2	238	1	865	0	1071		
145	16-Jun	8058655	8020519	38131	0	608	0	8348	2	250	0	369	1	496	0	238	0	865	2	1073		
146	17-Jun	8059598	8020388	39192	7	615	0	8348	0	250	0	369	1	497	7	245	1	866	2	1075		
147	18-Jun	8060036	8020241	39784	3	618	0	8348	2	252	0	369	1	498	3	248	1	867	1	1076		
148	19-Jun	8060628	8020233	40358	2	620	0	8348	23	275	0	369	7	505	2	250	1	868	2	1078		
149	20-Jun	8061566	8021544	40001	0	620	0	8348	14	289	0	369	2	507	0	250	1	869	4	1082		
150	21-Jun	8062477	8023948	38521	2	622	0	8348	0	289	0	369	2	509	2	252	1	870	1	1083		
151	22-Jun	8063034	8024669	38298	23	645	0	8348	10	299	0	369	4	513	23	275	7	877	0	1083		
152	23-Jun	8063976	8024398	39539	14	659	0	8348	0	299	0	369	3	516	14	289	2	879	6	1089		
153	24-Jun	8064383	8024076	40301	0	659	0	8348	1	300	0	369	0	516	0	289	2	881	3	1092		
154	25-Jun	8064627	8024724	39874	10	669	0	8348	1	301	0	369	1	517	10	299	4	885	3	1095		
155	26-Jun	8065113	8024223	40880	0	669	0	8348	2	303	0	369	2	519	0	299	3	888	3	1098		
156	27-Jun	8065615	8024978	40629	1	670	0	8348	1	304	0	369	1	520	1	300	0	888	4	1102		
157	28-Jun	8066030	8025462	40528	1	671	0	8348	23	327	0	369	5	525	1	301	1	889	9	1111		
158	29-Jun	8066220	8026535	39669	2	673	0	8348	5	332	0	369	4	529	2	303	2	891	1	1112		
159	30-Jun	8066808	8027028	39770	1	674	0	8348	3	335	0	369	2	531	1	304	1	892	2	1114		
160	1-Jul	8066545	8028710	37763	23	697	0	8348	7	342	0	369	4	535	23	327	5	897	10	1124		
161	2-Jul	8066677	8028608	38042	5	702	0	8348	7	349	2	371	1	536	5	332	4	901	3	1127		
162	3-Jul	8066928	8028592	38306	3	705	0	8348	15	364	1	372	1	537	3	335	2	903	5	1132		
163	4-Jul	8067199	8028724	38423	7	712	0	8348	7	371	7	379	0	537	7	342	4	907	20	1152		
164	5-Jul	8067782	8028958	38742	9	721	28	8376	5	376	17	396	2	539	7	349	3	910	11	1163		
165	6-Jul	8068531	8029347	39108	16	737	0	8376	24	400	16	412	2	541	15	364	2	912	1	1164		
166	7-Jul	8068939	8029542	39291	14	751	39	8415	11	411	23	435	1	542	7	371	7	919	4	1168		
167	8-Jul	8069291	8029106	40032	22	773	75	8490	13	424	12	447	1	543	5	376	19	938	6	1174		
168	9-Jul	8069245	8027459	41574	40	813	83	8573	7	431	28	475	3	546	24	400	18	956	9	1183		
169	10-Jul	8069064	8026949	41868	34	847	116	8689	9	440	38	513	4	550	11	411	24	980	11	1194		
170	11-Jul	8068778	8024799	43752	25	872	118	8807	11	451	35	548	2	552	13	424	13	993	10	1204		
171	12-Jul	8067535	8023106	44204	35	907	116	8923	5	456	12	560	2	554	7	431	31	1024	17	1221		
172	13-Jul	8065995	8022286	43422	47	954	118	9041	9	465	56	616	2	556	9	440	42	1066	4	1225		
173	14-Jul	8062767	8020919	41573	46	1000	112	9153	9	474	48	664	0	556	11	451	37	1103	12	1237		
174	15-Jul	8059966	8017475	42259	17	1017	120	9273	8	482	52	716	2	558	5	456	14	1117	14	1251		
175	16-Jul	8057202	8016644	40194	65	1082	114	9387	26	508	71	787	8	566	9	465	58	1175	13	1264		
176	17-Jul	8057262	8018472	38454	57	1139	139	9526	9	517	62	849	1	567	9	474	48	1223	11	1275		
177	18-Jul	8056492	8018383	37767	61	1200	147	9673	7	524	53	902	1	568	8	482	54	1277	11	1286		
178	19-Jul	8055769	8018395	36845	98	1298	195	9868	12	536	93	995	6	574	26	508	79	1356	20	1306		
179	20-Jul	8055019	8019956	34584	71	1369	219	10087	21	557	88	1083	1	575	9	517	63	1419	7	1313		
180	21-Jul	8053098	8020627	32033	59	1428	177	10264	22	579	93	1176	1	576	7	524	54	1473	25	1338		
181	22-Jul	8051359	8021191	29657	108	1536	144	10408	21	600	106	1282	1	577	12	536	99	1572	20	1358		
182	23-Jul	8048897	8020751	27569	116	1652	197	10605	26	626	88	1370	4	581	21	557	89	1661	36	1394		
183	24-Jul	8046476	8020448	25469	118	1770	155	10760	15	641	124	1494	2	583	22	579	94	1755	29	1423		
184	25-Jul	8043718	8020189	22917	130	1900	202	10962	20	661	80	1574	2	585	21	600	107	1862	50	1473		
185	26-Jul	8041707	8019220	21943	118	2018	177	11139	14	675	96	1670	1	586	26	626	92	1954	20	1493		
186	27-Jul	8041315	8019879	20862	142	2160	131	11270	20	695	125	1795	0	586	15	641	126	2080	15	1508		
187	28-Jul	8039462	8018638	20280	104	2264	175	11445	20	715	100	1895	1	587	20	661	82	2162	42	1550		
188	29-Jul	8036107	8016632	18924	115	2379	138	11583	15	730	107	2002	0	587	14	675	97	2259	65	1615		
189	30-Jul	8033520	8014725	18185	148	2527	134	11717	18	748	94	2096	1	588	20	695	125	2384	70	1685		
190	31-Jul	8029830	8011872	17372	120	2647	173	11890	11	759	67	2163	0	588	20	715	101	2485	94	1779		
191	1-Aug	8026548	8008920	17022	124	2771	168	12058	20	779	60	2223	0	588	15	730	107	2592	112	1891		
192	2-Aug	8024422	8007225	16639	115	2886	143	12201	18	797	65	2288	1	589	18	748	95	2687	103	1994		
193	3-Aug	8023634	8006782	16341	80	2966	177	12378	26	823	68	2356	0	589	11	759	67	2754	82	2076		
194	4-Aug	8021986	8005180	16256	80	3046	194	12572	20	843	68	2424	1	590	20	779	60	2814	107	2183		
195	5-Aug	8019773	8003481	15724	84	3130	157	12729	15	858	54	2478	0	590	18	797	66	2880	174	2357		
196	6-Aug	8016368	8000154	15650	95	3225	156	12885	20	878	52	2530	0	590	26	823	68	2948	147	2504		
197	7-Aug	8014751	7998962	15286	88	3313	94	12979	22	900	47	2577	0	590	20	843	69	3017	163	2667		
198	8-Aug	8012899	7997081	15399	69	3382	113	13092	7	907	26	2603	0	590	15	858	54	3071	135	2802		
199	9-Aug	8011533	7995734	15382	72	3454	114	13206	5	912	57	2660	0	590	20	878	52	3123	97	2899		
200	10-Aug	8011191	7995135	15669	69	3523	106	13312	17	929	52	2712	0	590	22	900	47	3170	74	2973		
201	11-Aug	8010143	7994176	15612	33	3556	104	13416	24	953	23	2735	0	590	7	907	26	3196	138	3111		
202	12-Aug	8008681	7992457	15817	62	3618	97	13513	12	965	32	2767	1	591	5	912	57	3253	141	3252		
203	13-Aug	8007183	7990461	16332	69	3687	69	13582	26	991	48	2815	0	591	17	929	52	3305	109	3361		
204	14-Aug	8005694	7988712	16659	48	3735	86	13668	21	1012	20	2835	3	594	24	953	23	3328	98	3459		
205	15-Aug	8004265	7986811	17173	44	3779	58	13726	12	1024	24	2859	0	594	12	965	33	3361	98	3557		
206	16-Aug	8003355	7985388	17652	74	3853	80	13806	10	1034	16	2875	0	594	26	991	48	3409	61	3618		
207	17-Aug	8003292	7984768	18295	41	3894	76	13882	7	1041	11	2886	0	594	21	1012	23	3432	50	3668		
208	18-Aug	8002151	7983531	18387	36	3930	54	13936	9	1050	15	2901	3	597	12	1024	24	3456	80	3748		
209	19-Aug	8001094	7982718	18151	26	3956	44	13980	6	1056	20	2921	0	597	10	1034	16	3472	103	3851		
210	20-Aug	8000164	7981233	18788	18	3974	31	14011	12	1068	13	2934	0	597	7	1041	11	3483	51	3902		
211	21-Aug	7998858	7979581	19096	24	3998	48	14059	3	1071	6	2940	0	597	9	1050	18	3501	73	3975		
212	22-Aug	7997316	7978018	19118	26	4024	33	14092	4	1075	14	2954	1	598	6	1056	20	3521	76	4051		
213	23-Aug	7996438	7976660	19620	25	4049	40	14132	10	1085	14	2968	0	598	12	1068	13	3534	44	4095		
214	24-Aug	7996027	7976146	19775	9	4058	33	14165	8	1093	13	2981	0	598	3	1071	6	3540	34	4129		
215	25-Aug	7994768	7975008	19607	18	4076	46	14211	4	1097	9	2990	0	598	4	1075	15	3555	57	4186		
216	26-Aug	7994041	7973931	19953	24	4100	37	14248	6	1103	12	3002	0	598	10	1085	14	3569	54	4240		
217	27-Aug	7993094	7972882	20089	21	4121	28	14276	7	1110	4	3006	0	598	8	1093	13	3582	42	4282		
218	28-Aug	7992443	7971843	20471	13	4134	43	14319	3	1113	6	3012	0	598	4	1097	9	3591	51	4333		
219	29-Aug	7991317	7970594	20616	18	4152	19	14338	6	1119	5	3017	0	598	6	1103	12	3603	41	4374		
220	30-Aug	7991510	7970013	21407	15	4167	22	14360	0	1119	8	3025	0	598	7	1110	4	3607	34	4408		
221	31-Aug	7991066	7969046	21956	9	4176	16	14376	3	1122	4	3029	0	598	3	1113	6	3613	23	4431		
222	1-Sep	7989691	7967381	22216	12	4188	20	14396	6	1128	4	3033	2	600	6	1119	5	3618	39	4470		
223	2-Sep	7988938	7965656	23216	8	4196	19	14415	2	1130	5	3038	0	600	0	1119	8	3626	24	4494		
224	3-Sep	7988279	7964641	23551	8	4204	20	14435	12	1142	8	3046	1	601	3	1122	4	3630	31	4525		
225	4-Sep	7988175	7963814	24270	10	4214	33	14468	5	1147	6	3052	0	601	6	1128	6	3636	25	4550		
226	5-Sep	7988106	7962273	25755	7	4221	20	14488	4	1151	1	3053	1	602	2	1130	5	3641	38	4588		
227	6-Sep	7990129	7961801	28233	20	4241	28	14516	3	1154	3	3056	0	602	12	1142	9	3650	20	4608		
228	7-Sep	7990975	7961378	29526	11	4252	23	14539	8	1162	4	3060	0	602	5	1147	6	3656	14	4622		
229	8-Sep	7992474	7960159	32253	5	4257	19	14558	10	1172	1	3061	1	603	4	1151	2	3658	20	4642		
230	9-Sep	7993913	7959389	34465	6	4263	20	14578	4	1176	8	3069	1	604	3	1154	3	3661	14	4656		
231	10-Sep	7994169	7958666	35409	12	4275	26	14604	10	1186	7	3076	2	606	8	1162	4	3665	25	4681		
232	11-Sep	7994615	7958265	36278	11	4286	19	14623	3	1189	9	3085	2	608	10	1172	2	3667	16	4697		
233	12-Sep	7995255	7957706	37482	12	4298	22	14645	4	1193	0	3085	0	608	4	1176	9	3676	16	4713		
234	13-Sep	7998568	7958067	40403	17	4315	36	14681	6	1199	3	3088	0	608	10	1186	9	3685	17	4730		
235	14-Sep	8000519	7958711	41748	12	4327	19	14700	3	1202	5	3093	1	609	3	1189	11	3696	6	4736		
236	15-Sep	8001299	7958080	43196	4	4331	0	14700	0	1202	2	3095	1	610	4	1193	0	3696	12	4748		
237	16-Sep	8000759	7957277	43434	9	4340	0	14700	10	1212	3	3098	0	610	6	1199	3	3699	17	4765		
238	17-Sep	8000558	7957202	43276	8	4348	20	14720	22	1234	0	3098	1	611	3	1202	6	3705	20	4785		
239	18-Sep	8000537	7957604	42908	2	4350	0	14720	4	1238	1	3099	1	612	0	1202	3	3708	14	4799		
240	19-Sep	8001377	7958217	43090	13	4363	24	14744	7	1245	1	3100	0	612	10	1212	3	3711	12	4811		
241	20-Sep	8003656	7960631	42973	22	4385	0	14744	1	1246	2	3102	0	612	22	1234	1	3712	4	4815		
242	21-Sep	8004632	7961738	42852	5	4390	19	14763	4	1250	3	3105	0	612	4	1238	2	3714	5	4820		
243	22-Sep	8004861	7963932	40899	8	4398	0	14763	1	1251	1	3106	0	612	7	1245	1	3715	12	4832		
244	23-Sep	8005090	7965753	39309	3	4401	0	14763	0	1251	0	3106	1	613	1	1246	2	3717	21	4853		
245	24-Sep	8004735	7966117	38589	7	4408	0	14763	4	1255	1	3107	1	614	4	1250	3	3720	9	4862		
246	25-Sep	8004707	7966680	38005	2	4410	0	14763	5	1260	3	3110	2	616	1	1251	1	3721	8	4870		
247	26-Sep	8004933	7967530	37386	0	4410	0	14763	4	1264	0	3110	0	616	0	1251	1	3722	12	4882		
248	27-Sep	8005906	7971215	34647	5	4415	16	14779	6	1270	0	3110	2	618	4	1255	2	3724	9	4891		
249	28-Sep	8006365	7973064	33269	8	4423	0	14779	3	1273	1	3111	6	624	5	1260	5	3729	4	4895		
250	29-Sep	8006903	7974087	32784	4	4427	0	14779	3	1276	3	3114	1	625	4	1264	0	3729	17	4912		
251	30-Sep	8008187	7974359	33775	6	4433	15	14794	3	1279	1	3115	0	625	6	1270	2	3731	20	4932		
252	1-Oct	8008131	7974262	33810	4	4437	30	14824	3	1282	1	3116	1	626	3	1273	7	3738	10	4942		
253	2-Oct	8008459	7974660	33746	6	4443	23	14847	6	1288	2	3118	3	629	3	1276	4	3742	6	4948		
254	3-Oct	8009022	7976192	32797	4	4447	11	14858	4	1292	4	3122	0	629	3	1279	1	3743	6	4954		
255	4-Oct	8010378	7978898	31433	4	4451	15	14873	3	1295	8	3130	0	629	3	1282	2	3745	12	4966		
256	5-Oct	8010891	7979976	30861	8	4459	14	14887	11	1306	6	3136	1	630	6	1288	5	3750	3	4969		
257	6-Oct	8010743	7980065	30616	8	4467	27	14914	3	1309	5	3141	0	630	4	1292	4	3754	11	4980		
258	7-Oct	8010044	7980099	29888	11	4478	19	14933	4	1313	2	3143	0	630	3	1295	8	3762	10	4990		
259	8-Oct	8009538	7979505	29958	17	4495	28	14961	4	1317	3	3146	0	630	11	1306	7	3769	5	4995		
260	9-Oct	8009452	7979756	29626	9	4504	25	14986	6	1323	3	3149	2	632	3	1309	5	3774	17	5012		
261	10-Oct	8009408	7979947	29434	6	4510	0	14986	5	1328	3	3152	0	632	4	1313	2	3776	7	5019		
262	11-Oct	8010752	7980927	29806	7	4517	0	14986	0	1328	0	3152	0	632	4	1317	3	3779	5	5024		
263	12-Oct	8011251	7981564	29643	9	4526	10	14996	7	1335	3	3155	2	634	6	1323	5	3784	2	5026		
264	13-Oct	8011326	7982908	28385	8	4534	0	14996	5	1340	1	3156	1	635	5	1328	3	3787	10	5036		
265	14-Oct	8011389	7984279	27092	0	4534	0	14996	17	1357	0	3156	0	635	0	1328	0	3787	1	5037		
266	15-Oct	8011642	7983716	27874	10	4544	15	15011	2	1359	2	3158	0	635	7	1335	5	3792	11	5048		
267	16-Oct	8011614	7983190	28372	6	4550	17	15028	14	1373	0	3158	0	635	5	1340	2	3794	8	5056		
268	17-Oct	8011462	7982937	28474	17	4567	0	15028	3	1376	1	3159	1	636	17	1357	0	3794	12	5068		
269	18-Oct	8012660	7984085	28549	4	4571	0	15028	5	1381	1	3160	2	638	2	1359	2	3796	10	5078		
270	19-Oct	8013122	7984689	28385	14	4585	0	15028	8	1389	1	3161	2	640	14	1373	0	3796	9	5087		
271	20-Oct	8012989	7984511	28428	4	4589	23	15051	4	1393	0	3161	0	640	3	1376	2	3798	14	5101		
272	21-Oct	8012773	7983774	28972	6	4595	0	15051	3	1396	1	3162	1	641	5	1381	3	3801	8	5109		
273	22-Oct	8012701	7983783	28864	9	4604	13	15064	5	1401	1	3163	0	641	8	1389	3	3804	15	5124		
274	23-Oct	8012584	7983682	28877	4	4608	0	15064	6	1407	0	3163	1	642	4	1393	0	3804	10	5134		
275	24-Oct	8012789	7984124	28624	4	4612	15	15079	3	1410	0	3163	2	644	3	1396	2	3806	12	5146		
276	25-Oct	8013383	7985541	27822	6	4618	0	15079	2	1412	0	3163	0	644	5	1401	1	3807	6	5152		
277	26-Oct	8014218	7986508	27691	6	4624	0	15079	0	1412	1	3164	2	646	6	1407	1	3808	3	5155		
278	27-Oct	8014785	7986688	28079	3	4627	0	15079	5	1417	1	3165	1	647	3	1410	2	3810	3	5158		
279	28-Oct	8014411	7987106	27289	2	4629	0	15079	2	1419	0	3165	0	647	2	1412	0	3810	10	5168		
280	29-Oct	7989758	7987787	1952	1	4630	0	15079	5	1424	0	3165	0	647	0	1412	3	3813	10	5178		
281	30-Oct	7990294	7988165	2094	6	4636	10	15089	3	1427	0	3165	0	647	5	1417	2	3815	9	5187		
282	31-Oct	7990355	7988094	2242	2	4638	0	15089	5	1432	0	3165	0	647	2	1419	1	3816	9	5196		
283	1-Nov	7991664	7989227	2398	6	4644	16	15105	0	1432	2	3167	1	648	5	1424	2	3818	7	5203		
284	2-Nov	7991589	7990001	1565	6	4650	0	15105	4	1436	1	3168	2	650	3	1427	3	3821	4	5207		
285	3-Nov	7991201	7989459	1694	8	4658	18	15123	5	1441	0	3168	1	651	5	1432	4	3825	7	5214		
286	4-Nov	7991113	7989354	1740	2	4660	0	15123	2	1443	1	3169	0	651	0	1432	3	3828	11	5225		
287	5-Nov	7991425	7989428	1957	5	4665	9	15132	7	1450	3	3172	0	651	4	1436	3	3831	9	5234		
288	6-Nov	7991424	7989594	1809	5	4670	0	15132	5	1455	0	3172	1	652	5	1441	1	3832	4	5238		
289	7-Nov	7991910	7990098	1770	3	4673	19	15151	0	1455	2	3174	7	659	2	1443	1	3833	8	5246		
290	8-Nov	7993195	7990887	2265	10	4683	0	15151	0	1455	3	3177	15	674	7	1450	3	3836	5	5251		
291	9-Nov	7993371	7991759	1571	5	4688	0	15151	12	1467	7	3184	8	682	5	1455	1	3837	3	5254		
292	10-Nov	7993346	7991404	1918	2	4690	0	15151	2	1469	4	3188	0	682	0	1455	9	3846	7	5261		
293	11-Nov	7993331	7991099	2176	3	4693	20	15171	3	1472	3	3191	3	685	0	1455	18	3864	6	5267		
294	12-Nov	7993460	7990858	2510	19	4712	25	15196	8	1480	5	3196	1	686	12	1467	11	3875	11	5278		
295	13-Nov	7992590	7990969	1594	6	4718	0	15196	7	1487	0	3196	1	687	2	1469	4	3879	7	5285		
296	14-Nov	7992296	7990820	1431	6	4724	17	15213	2	1489	1	3197	1	688	3	1472	5	3884	10	5295		
297	15-Nov	7993439	7991480	1915	13	4737	0	15213	7	1496	3	3200	0	688	8	1480	6	3890	7	5302		
298	16-Nov	7992344	7991226	1086	7	4744	0	15213	6	1502	3	3203	4	692	7	1487	1	3891	4	5306		
299	17-Nov	7991622	7990526	1027	3	4747	15	15228	11	1513	21	3224	1	693	2	1489	2	3893	14	5320		
300	18-Nov	7991284	7990034	1171	10	4757	0	15228	8	1521	36	3260	4	697	7	1496	2	3895	12	5332		
301	19-Nov	7991348	7990119	1076	9	4766	34	15262	28	1549	61	3321	0	697	6	1502	6	3901	9	5341		
302	20-Nov	7991044	7989458	1404	32	4798	27	15289	26	1575	63	3384	2	699	11	1513	15	3916	6	5347		
303	21-Nov	7990995	7989045	1711	44	4842	44	15333	26	1601	69	3453	4	703	8	1521	35	3951	9	5356		
304	22-Nov	7991371	7989341	1664	89	4931	86	15419	28	1629	84	3537	0	703	28	1549	40	3991	11	5367		
305	23-Nov	7993299	7989473	3465	89	5020	90	15509	25	1654	75	3612	1	704	26	1575	47	4038	8	5375		
306	24-Nov	7991270	7989066	1815	95	5115	88	15597	28	1682	89	3701	2	706	26	1601	54	4092	7	5382		
307	25-Nov	7991519	7989088	1993	112	5227	107	15704	31	1713	80	3781	2	708	28	1629	57	4149	21	5403		
308	26-Nov	7991852	7989444	1993	100	5327	100	15804	19	1732	109	3890	1	709	25	1654	56	4205	5	5408		
309	27-Nov	7990867	7988345	2100	117	5444	104	15908	28	1760	68	3958	0	709	28	1682	64	4269	13	5421		
310	28-Nov	7989789	7987357	2090	111	5555	131	16039	0	1760	0	3958	0	709	31	1713	53	4322	16	5437		
311	29-Nov	7989887	7986820	2687	128	5683	125	16164	0	1760	0	3958	0	709	19	1732	96	4418	12	5449		
312	30-Nov	7988471	7985973	2233	96	5779	90	16254	0	1760	0	3958	0	709	28	1760	47	4465	4	5453		
